4294967279,129
4294967279,128
4294967279,127
4294967279,126
4294967279,125
4294967279,124
4294967279,123
4294967279,122
4294967279,121
4294967279,120
4294967279,119
4294967279,118
4294967279,117
4294967279,116
4294967279,115
4294967279,114
4294967279,113
4294967279,112
4294967278,36
4294967278,35
4294967278,34
4294967278,33
4294967278,32
4294967278,31
4294967278,30
4294967278,29
4294967278,28
4294967278,27
4294967278,26
4294967278,25
4294967278,24
4294967278,23
4294967278,22
4294967278,21
4294967278,20
4294967278,19
4294967278,18
4294967278,17
4294967278,16
4294967278,15
4294967278,14
4294967278,13
4294967278,12
4294967278,11
4294967278,10
4294967278,9
4294967278,8
4294967278,7
4294967278,6
4294967278,5
4294967278,4
4294967279,132
4294967279,131
4294967279,130
4294967279,22
4294967279,20
4294967279,19
4294967279,17
4294967279,16
4294967279,15
4294967279,11
4294967278,245
4294967278,243
4294967278,241
4294967278,237
4294967278,236
4294967279,323
4294967294,907
4294967294,440
4294967278,235
4294967278,232
4294967278,230
4294967294,426
4294967294,41
4294967294,45
4294967294,44
4294967294,43
4294967278,224
4294967278,132
4294967278,131
4294967278,130
4294967278,129
4294967278,128
4294967278,127
4294967278,126
4294967278,125
4294967278,124
4294967278,123
4294967278,122
4294967278,121
4294967278,120
4294967278,119
4294967278,118
4294967278,117
4294967278,116
4294967278,115
4294967278,114
4294967278,113
4294967278,112
4294967278,111
4294967278,110
4294967278,109
4294967278,108
4294967278,107
4294967278,106
4294967278,104
4294967278,103
4294967278,102
4294967278,101
4294967278,100
4294967278,99
4294967278,98
4294967278,96
4294967278,95
4294967278,94
4294967278,93
4294967278,92
4294967278,91
4294967278,89
4294967278,87
4294967278,86
4294967278,85
4294967278,84
4294967278,83
4294967278,81
4294967278,78
4294967278,77
4294967278,76
4294967278,75
4294967278,73
4294967278,72
4294967278,71
4294967278,70
4294967278,51
4294967278,49
4294967278,48
4294967278,47
4294967278,46
4294967278,45
4294967278,44
4294967278,43
4294967278,42
4294967278,41
4294967278,40
4294967278,39
4294967278,38
4294967278,37
4294967278,282
4294967279,21
4294967279,18
4294967279,14
4294967279,13
4294967279,12
4294967279,10
4294967279,9
4294967279,8
4294967279,7
4294967279,6
4294967279,5
4294967279,4
4294967278,105
4294967278,221
4294967278,218
4294967278,216
4294967278,214
18,4
4294967279,322
18,3
18,2
18,1
4294967279,321
4294967278,213
4294967294,53
4294967278,211
4294967278,210
4294967278,315
4294967278,97
4294967294,88
4294967294,87
4294967294,85
4294967278,209
4294967294,84
4294967278,208
4294967278,207
16,4
16,3
16,2
16,1
4294967279,320
4294967278,206
4294967294,120
4294967294,92
4294967294,91
4294967278,205
4294967278,204
15,4
4294967278,203
15,3
15,2
15,1
4294967278,314
4294967278,90
4294967294,430
4294967278,202
4294967278,201
4294967278,200
14,4
14,3
14,2
14,1
4294967279,319
4294967278,199
4294967294,170
4294967278,198
4294967278,197
13,4
4294967278,196
13,3
13,2
13,1
4294967278,313
4294967278,82
4294967278,195
4294967294,389
4294967278,192
4294967294,419
4294967294,953
4294967294,924
4294967279,318
4294967278,312
4294967278,80
4294967278,311
4294967278,79
12,5
4294967278,191
4294967278,190
12,4
12,3
12,2
12,1
4294967279,317
4294967278,189
4294967278,188
4294967278,187
4294967278,310
4294967278,260
4294967278,74
4294967279,316
4294967279,315
4294967278,186
11,5
4294967294,417
4294967278,184
4294967294,89
11,4
4294967278,183
11,3
11,2
11,1
4294967278,309
4294967278,69
0,7
4294967294,468
4294967278,182
4294967279,314
4294967278,308
4294967278,68
4294967294,972
4294967279,313
4294967279,312
4294967278,307
4294967278,67
4294967278,306
4294967278,66
4294967279,311
4294967278,305
4294967278,64
4294967278,177
4294967278,304
4294967278,65
4294967279,310
4294967279,309
4294967278,303
4294967278,63
4294967279,308
4294967279,307
4294967278,302
4294967278,62
